,A,R,N,D,C,Q,E,G,H,I,L,K,M,F,P,S,T,W,Y,V
A,0.0,4.77,3.34,3.74,3.03,3.48,3.8,0.58,3.58,1.68,1.68,3.61,3.53,2.76,4.67,3.03,3.06,4.59,4.25,1.1
R,4.77,0.0,3.57,5.52,4.17,3.56,5.47,4.9,3.84,4.69,4.69,2.02,4.34,4.6,6.32,4.05,3.95,4.6,4.39,4.62
N,3.34,3.57,0.0,3.08,1.03,0.59,3.06,3.48,1.25,3.46,3.46,3.08,1.8,3.73,5.54,0.9,0.63,4.06,2.49,3.31
D,3.74,5.52,3.08,0.0,3.44,3.21,0.59,3.8,3.52,4.0,4.0,5.44,3.88,4.27,5.8,3.23,3.24,5.43,4.27,3.81
C,3.03,4.17,1.03,3.44,0.0,1.03,3.37,3.23,1.13,3.03,3.03,3.16,1.2,3.41,5.4,1.01,0.51,3.78,2.2,2.91
Q,3.48,3.56,0.59,3.21,1.03,0.0,3.08,3.7,0.71,3.31,3.31,3.0,1.36,3.42,5.55,1.38,0.9,3.57,1.93,3.25
E,3.8,5.47,3.06,0.59,3.37,3.08,0.0,3.94,3.29,3.81,3.81,5.36,3.63,3.94,5.76,3.33,3.23,5.02,3.91,3.7
G,0.58,4.9,3.48,3.8,3.23,3.7,3.94,0.0,3.9,2.26,2.26,3.85,3.89,3.33,4.8,3.06,3.2,5.1,4.68,1.68
H,3.58,3.84,1.25,3.52,1.13,0.71,3.29,3.9,0.0,3.11,3.11,3.05,0.74,3.08,5.56,1.88,1.31,3.04,1.24,3.17
I,1.68,4.69,3.46,4.0,3.03,3.31,3.81,2.26,3.11,0.0,0.0,3.4,2.91,1.14,4.7,3.51,3.24,3.21,3.29,0.59
L,1.68,4.69,3.46,4.0,3.03,3.31,3.81,2.26,3.11,0.0,0.0,3.4,2.91,1.14,4.7,3.51,3.24,3.21,3.29,0.59
K,3.61,2.02,3.08,5.44,3.16,3.0,5.36,3.85,3.05,3.4,3.4,0.0,3.24,3.49,5.62,3.33,3.14,3.61,3.5,3.36
M,3.53,4.34,1.8,3.88,1.2,1.36,3.63,3.89,0.74,2.91,2.91,3.24,0.0,2.92,5.54,2.17,1.6,2.85,1.08,3.03
F,2.76,4.6,3.73,4.27,3.41,3.42,3.94,3.33,3.08,1.14,1.14,3.49,2.92,0.0,4.99,4.03,3.64,2.43,2.9,1.68
P,4.67,6.32,5.54,5.8,5.4,5.55,5.76,4.8,5.56,4.7,4.7,5.62,5.54,4.99,0.0,5.5,5.44,6.0,5.87,4.62
S,3.03,4.05,0.9,3.23,1.01,1.38,3.33,3.06,1.88,3.51,3.51,3.33,2.17,4.03,5.5,0.0,0.58,4.58,3.09,3.24
T,3.06,3.95,0.63,3.24,0.51,0.9,3.23,3.2,1.31,3.24,3.24,3.14,1.6,3.64,5.44,0.58,0.0,4.07,2.51,3.07
W,4.59,4.6,4.06,5.43,3.78,3.57,5.02,5.1,3.04,3.21,3.21,3.61,2.85,2.43,6.0,4.58,4.07,0.0,2.25,3.65
Y,4.25,4.39,2.49,4.27,2.2,1.93,3.91,4.68,1.24,3.29,3.29,3.5,1.08,2.9,5.87,3.09,2.51,2.25,0.0,3.55
V,1.1,4.62,3.31,3.81,2.91,3.25,3.7,1.68,3.17,0.59,0.59,3.36,3.03,1.68,4.62,3.24,3.07,3.65,3.55,0.0
